segment.id	ID	chrom	loc.start	loc.end	num.mark	seg.mean	copy.number	segment.size.kb
1	DLBCL_Ly3	1	51586	2463118	531	-0.4242	1.490503745	2411.532
2	DLBCL_Ly3	1	2472781	5934188	2382	-0.6016	1.318045341	3461.407
3	DLBCL_Ly3	1	5934480	14301837	4487	-0.4824	1.43157177	8367.357
4	DLBCL_Ly3	1	14307433	15189805	726	-0.6989	1.232083472	882.372
5	DLBCL_Ly3	1	15190986	16015547	555	-0.4961	1.418041741	824.561
6	DLBCL_Ly3	1	16019607	16027585	23	0.316	2.489748471	7.978
7	DLBCL_Ly3	1	16038248	16889653	387	-0.4291	1.485449954	851.405
8	DLBCL_Ly3	1	16890105	17131709	100	-0.8798	1.086885526	241.604
9	DLBCL_Ly3	1	17131895	17929104	546	-0.4217	1.49308883	797.209
10	DLBCL_Ly3	1	17929726	19277824	1074	-0.6063	1.31375841	1348.098
11	DLBCL_Ly3	1	19280058	25455916	3825	-0.4643	1.449645356	6175.858
12	DLBCL_Ly3	1	25465703	25519561	30	-1.6736	0.626940311	53.858
13	DLBCL_Ly3	1	25534076	29947066	1959	-0.4259	1.488748444	4412.99
14	DLBCL_Ly3	1	29947197	30400206	385	-0.7167	1.216975395	453.009
15	DLBCL_Ly3	1	30400299	31394002	746	-0.4646	1.449343942	993.703
16	DLBCL_Ly3	1	31396242	31397921	2	-3.9606	0.128460792	1.679
17	DLBCL_Ly3	1	31397976	33459907	947	-0.4248	1.489883991	2061.931
18	DLBCL_Ly3	1	33462137	34875229	1067	-0.5891	1.32951495	1413.092
19	DLBCL_Ly3	1	34875245	34877066	19	-2.7212	0.303296341	1.821
20	DLBCL_Ly3	1	34886855	36754349	874	-0.4445	1.469677897	1867.494
21	DLBCL_Ly3	1	36754688	37671243	659	-0.5855	1.332836671	916.555
22	DLBCL_Ly3	1	37671500	47624468	5656	-0.443	1.471206746	9952.968
23	DLBCL_Ly3	1	47624553	48907513	957	-0.6072	1.312939101	1282.96
24	DLBCL_Ly3	1	48907849	55592852	3763	-0.4584	1.455585919	6685.003
25	DLBCL_Ly3	1	55593029	61885690	4986	-0.5466	1.369263401	6292.661
26	DLBCL_Ly3	1	61886582	61890763	5	-2.1274	0.457739913	4.181
27	DLBCL_Ly3	1	61892397	61907702	22	-0.5419	1.37373145	15.305
28	DLBCL_Ly3	1	61907944	75823432	9437	-0.4863	1.427707065	13915.488
29	DLBCL_Ly3	1	75827339	75827430	2	-3.9662	0.127963122	0.091
30	DLBCL_Ly3	1	75832085	89247831	9257	-0.4807	1.433259657	13415.746
31	DLBCL_Ly3	1	89249015	89250781	3	-2.8584	0.275781961	1.766
32	DLBCL_Ly3	1	89254100	95446312	3996	-0.482	1.431968741	6192.212
33	DLBCL_Ly3	1	95446425	98734574	1999	-0.5935	1.325466309	3288.149
34	DLBCL_Ly3	1	98734744	100066952	926	-0.5068	1.407563492	1332.208
35	DLBCL_Ly3	1	100068349	115403642	9895	-0.4444	1.46977977	15335.293
36	DLBCL_Ly3	1	115404021	118888635	2389	-0.5358	1.379552155	3484.614
37	DLBCL_Ly3	1	118892487	118895746	3	1.5241	5.752144826	3.259
38	DLBCL_Ly3	1	118897326	119643822	438	-0.4914	1.422668959	746.496
39	DLBCL_Ly3	1	119647534	146927800	1975	0.3538	2.555844387	27280.266
40	DLBCL_Ly3	1	146928246	147911581	225	0.6595	3.159070207	983.335
41	DLBCL_Ly3	1	147911645	161184320	8364	0.3661	2.577727929	13272.675
42	DLBCL_Ly3	1	161184857	161352134	119	0.2291	2.34420705	167.277
43	DLBCL_Ly3	1	161352820	161353123	2	-2.2561	0.418674222	0.303
44	DLBCL_Ly3	1	161353370	163553149	1747	0.1973	2.293101159	2199.779
45	DLBCL_Ly3	1	163553187	166891564	2611	0.3442	2.538893713	3338.377
46	DLBCL_Ly3	1	166892204	166892313	2	-2.3878	0.382147103	0.109
47	DLBCL_Ly3	1	166892825	173060819	4140	0.3929	2.62606022	6167.994
48	DLBCL_Ly3	1	173060885	173062877	14	0.154	2.225300241	1.992
49	DLBCL_Ly3	1	173063016	173068451	17	-0.4733	1.440630147	5.435
50	DLBCL_Ly3	1	173068465	176192450	2141	0.2987	2.460071079	3123.985
51	DLBCL_Ly3	1	176193224	179413388	2179	0.3749	2.593499335	3220.164
52	DLBCL_Ly3	1	179413437	180588009	924	0.2569	2.389816754	1174.572
53	DLBCL_Ly3	1	180588067	194981433	9695	0.388	2.617156143	14393.366
54	DLBCL_Ly3	1	194981484	195068266	90	-0.3202	1.601917667	86.782
55	DLBCL_Ly3	1	195068395	201081553	3994	0.3855	2.612624884	6013.158
56	DLBCL_Ly3	1	201082710	204856699	2436	0.3107	2.480618712	3773.989
57	DLBCL_Ly3	1	204861447	206329845	1048	0.4004	2.639747614	1468.398
58	DLBCL_Ly3	1	206330222	210740445	3304	0.2901	2.445450055	4410.223
59	DLBCL_Ly3	1	210742848	211522843	495	0.4688	2.767915691	779.995
60	DLBCL_Ly3	1	211527359	227877780	11142	0.3054	2.471522431	16350.421
61	DLBCL_Ly3	1	227883467	227886807	3	-2.8665	0.274237924	3.34
62	DLBCL_Ly3	1	227887041	230523150	2023	0.2091	2.311933659	2636.109
63	DLBCL_Ly3	1	230525067	230526526	3	-3.4979	0.1770342	1.459
64	DLBCL_Ly3	1	230529635	232354938	1557	0.2793	2.427211793	1825.303
65	DLBCL_Ly3	1	232355445	234497636	1400	0.3718	2.58793252	2142.191
66	DLBCL_Ly3	1	234501376	241741010	5812	0.2559	2.388160834	7239.634
67	DLBCL_Ly3	1	241742776	242021719	229	0.4869	2.802860612	278.943
68	DLBCL_Ly3	1	242022743	244460259	1743	0.2811	2.43024203	2437.516
69	DLBCL_Ly3	1	244460443	246791845	1484	0.3415	2.534146624	2331.402
70	DLBCL_Ly3	1	246798656	246863824	37	-2.2682	0.415177452	65.168
71	DLBCL_Ly3	1	246875180	247190999	147	0.4029	2.644325913	315.819
72	DLBCL_Ly3	2	2772	2921383	2109	-0.2184	1.719036288	2918.611
73	DLBCL_Ly3	2	2921903	7485118	3949	-0.1513	1.800877439	4563.215
74	DLBCL_Ly3	2	7489409	15666775	6066	-0.0532	1.927592376	8177.366
75	DLBCL_Ly3	2	15666935	16414920	539	-0.1913	1.751632351	747.985
76	DLBCL_Ly3	2	16417226	18082373	1320	0.0123	2.017124315	1665.147
77	DLBCL_Ly3	2	18085837	18088100	8	-0.7671	1.175194867	2.263
78	DLBCL_Ly3	2	18088988	19961234	1534	-0.0874	1.882434935	1872.246
79	DLBCL_Ly3	2	19961355	20930541	625	-9.00E-04	1.998752724	969.186
80	DLBCL_Ly3	2	20930921	23671795	1864	-0.1568	1.794025007	2740.874
81	DLBCL_Ly3	2	23675015	34180149	6393	-0.008	1.988940337	10505.134
82	DLBCL_Ly3	2	34180442	34544573	300	-0.1352	1.821087193	364.131
83	DLBCL_Ly3	2	34552819	34590549	47	-1.0237	0.983706609	37.73
84	DLBCL_Ly3	2	34590667	54889880	15187	-0.0356	1.95125185	20299.213
85	DLBCL_Ly3	2	54890277	55945252	706	0.111	2.15995312	1054.975
86	DLBCL_Ly3	2	55946116	57695395	1261	-0.0476	1.935089105	1749.279
87	DLBCL_Ly3	2	57695545	57951877	181	-1.1797	0.882886568	256.332
88	DLBCL_Ly3	2	57954663	65791390	4676	0.0152	2.021183069	7836.727
89	DLBCL_Ly3	2	65792102	68258652	1936	-0.1263	1.832356222	2466.55
90	DLBCL_Ly3	2	68260095	76169268	4974	-0.0083	1.988526792	7909.173
91	DLBCL_Ly3	2	76169587	84378448	5458	-0.1155	1.846124693	8208.861
92	DLBCL_Ly3	2	84378973	88914734	2208	-0.0447	1.938982792	4535.761
93	DLBCL_Ly3	2	88917155	89025919	81	-2.0917	0.469208157	108.764
94	DLBCL_Ly3	2	89029025	89056789	24	-3.5284	0.173330807	27.764
95	DLBCL_Ly3	2	89058724	89278791	65	-1.9183	0.529132156	220.067
96	DLBCL_Ly3	2	89281576	89282341	3	0.5737	2.976671465	0.765
97	DLBCL_Ly3	2	89299555	89334987	11	-1.1179	0.921528059	35.432
98	DLBCL_Ly3	2	89335016	89758657	98	-0.1969	1.744846351	423.641
99	DLBCL_Ly3	2	89758708	89767533	17	-0.9141	1.061349639	8.825
100	DLBCL_Ly3	2	89767583	91165199	141	-0.1151	1.846636618	1397.616
101	DLBCL_Ly3	2	91171454	102651216	4226	-0.0168	1.976845333	11479.762
102	DLBCL_Ly3	2	102655974	111422556	4940	-0.0919	1.876572463	8766.582
103	DLBCL_Ly3	2	111422697	114696644	1901	0.0077	2.010703003	3273.947
104	DLBCL_Ly3	2	114696975	119969817	3516	-0.1073	1.856647585	5272.842
105	DLBCL_Ly3	2	119975923	120729136	331	0.1119	2.161300989	753.213
106	DLBCL_Ly3	2	120734530	123192207	1611	-0.0927	1.875532158	2457.677
107	DLBCL_Ly3	2	123192876	123198699	11	-1.0601	0.959197631	5.823
108	DLBCL_Ly3	2	123200111	126158681	1978	-0.0992	1.867101037	2958.57
109	DLBCL_Ly3	2	126168109	126168507	5	-1.6286	0.646803773	0.398
110	DLBCL_Ly3	2	126169852	127675052	1039	-0.1238	1.835534206	1505.2
111	DLBCL_Ly3	2	127677241	128847622	598	0.0619	2.087679143	1170.381
112	DLBCL_Ly3	2	128848084	135366583	4057	-0.0833	1.887792242	6518.499
113	DLBCL_Ly3	2	135367236	136198650	363	0.1882	2.278682625	831.414
114	DLBCL_Ly3	2	136205448	142952022	4577	-0.0491	1.933078199	6746.574
115	DLBCL_Ly3	2	142954577	146578555	2125	0.0239	2.033408397	3623.978
116	DLBCL_Ly3	2	146580862	146583392	24	0.9066	3.74924473	2.53
117	DLBCL_Ly3	2	146594276	184871228	24037	0.0081	2.011260566	38276.952
118	DLBCL_Ly3	2	184872000	184965317	86	-1.0594	0.959663149	93.317
119	DLBCL_Ly3	2	184969597	184969703	4	1.0697	4.197993695	0.106
120	DLBCL_Ly3	2	184969705	185002931	42	-0.6811	1.247379107	33.226
121	DLBCL_Ly3	2	185003935	198109058	7456	0.0942	2.134946622	13105.123
122	DLBCL_Ly3	2	198111942	201098845	1818	0.006	2.008335086	2986.903
123	DLBCL_Ly3	2	201101364	204994658	2149	0.1376	2.200147124	3893.294
124	DLBCL_Ly3	2	205000471	206361589	1049	-0.043	1.94126894	1361.118
125	DLBCL_Ly3	2	206362719	215266188	5734	0.0528	2.074552259	8903.469
126	DLBCL_Ly3	2	215269271	234639138	12742	-0.3762	1.540928584	19369.867
127	DLBCL_Ly3	2	234639396	237692908	2248	-0.5	1.414213562	3053.512
128	DLBCL_Ly3	2	237698694	239020734	850	-0.3743	1.542959292	1322.04
129	DLBCL_Ly3	2	239024307	241014138	1321	-0.5267	1.388281374	1989.831
130	DLBCL_Ly3	2	241015207	242738117	811	-0.3778	1.539220587	1722.91
131	DLBCL_Ly3	3	35333	751632	640	-0.0046	1.993633202	716.299
132	DLBCL_Ly3	3	752652	753232	2	-2.6843	0.311153849	0.58
133	DLBCL_Ly3	3	755145	4285298	3325	-0.0762	1.897105617	3530.153
134	DLBCL_Ly3	3	4286139	4486102	180	-2.7253	0.302435626	199.963
135	DLBCL_Ly3	3	4486891	12198933	6271	-0.0898	1.879306008	7712.042
136	DLBCL_Ly3	3	12205704	12623849	337	0.2944	2.452749672	418.145
137	DLBCL_Ly3	3	12624576	12691575	115	0.6121	3.056964927	66.999
138	DLBCL_Ly3	3	12695005	16416432	2615	0.2685	2.409109552	3721.427
139	DLBCL_Ly3	3	16416522	18010863	906	0.4078	2.653322427	1594.341
140	DLBCL_Ly3	3	18011250	22355825	2986	0.2782	2.425361841	4344.575
141	DLBCL_Ly3	3	22359351	22359391	2	-2.1782	0.441902501	0.04
142	DLBCL_Ly3	3	22363378	24709143	1534	0.3055	2.47169375	2345.765
143	DLBCL_Ly3	3	24709323	25474305	745	0.1578	2.231169317	764.982
144	DLBCL_Ly3	3	25474322	26401183	762	0.2858	2.438172162	926.861
145	DLBCL_Ly3	3	26409116	26414335	5	-3.06	0.23981603	5.219
146	DLBCL_Ly3	3	26420977	28408150	1357	0.305	2.470837274	1987.173
147	DLBCL_Ly3	3	28408930	28553293	67	0.8269	3.547739302	144.363
148	DLBCL_Ly3	3	28554792	47453501	12469	0.3081	2.47615221	18898.709
149	DLBCL_Ly3	3	47466814	47467712	2	-2.8393	0.279457345	0.898
150	DLBCL_Ly3	3	47472206	54076423	3008	0.3621	2.570590849	6604.217
151	DLBCL_Ly3	3	54076979	56496978	1957	0.1668	2.245131581	2419.999
152	DLBCL_Ly3	3	56500775	60361981	2812	0.3028	2.467072307	3861.206
153	DLBCL_Ly3	3	60363317	60482851	150	-2.9551	0.257902918	119.534
154	DLBCL_Ly3	3	60484618	60725111	284	-0.0161	1.977804737	240.493
155	DLBCL_Ly3	3	60731397	60920851	196	-1.2701	0.829262064	189.454
156	DLBCL_Ly3	3	60925640	62647531	1458	0.3145	2.487161173	1721.891
157	DLBCL_Ly3	3	62647783	66576071	3171	0.1885	2.279156513	3928.288
158	DLBCL_Ly3	3	66578167	68814706	1616	0.2936	2.451389956	2236.539
159	DLBCL_Ly3	3	68828842	68830091	15	1.1885	4.558313026	1.249
160	DLBCL_Ly3	3	68831436	73675558	3727	0.3019	2.465533747	4844.122
161	DLBCL_Ly3	3	73679542	75503848	1252	0.1883	2.278840577	1824.306
162	DLBCL_Ly3	3	75509785	75722584	86	-0.9868	1.009191528	212.799
163	DLBCL_Ly3	3	75728062	90446938	8278	0.3174	2.49216571	14718.876
164	DLBCL_Ly3	3	90447603	116582546	12843	-0.0096	1.986735755	26134.943
165	DLBCL_Ly3	3	116582584	120235085	2614	-0.0819	1.889625056	3652.501
166	DLBCL_Ly3	3	120237417	124164620	2232	0.0558	2.078870658	3927.203
167	DLBCL_Ly3	3	124166032	126060795	1328	-0.0659	1.910698308	1894.763
168	DLBCL_Ly3	3	126061299	127203280	649	0.0575	2.081321739	1141.981
169	DLBCL_Ly3	3	127203326	128608279	972	-0.1455	1.808131996	1404.953
170	DLBCL_Ly3	3	128609140	131269052	1449	-0.0237	1.967413218	2659.912
171	DLBCL_Ly3	3	131269363	131277770	39	-0.832	1.123499903	8.407
172	DLBCL_Ly3	3	131281413	133189374	1203	-0.015	1.979313313	1907.961
173	DLBCL_Ly3	3	133190835	133191149	2	-3.1444	0.226188894	0.314
174	DLBCL_Ly3	3	133197689	138515738	3396	-0.0052	1.992804245	5318.049
175	DLBCL_Ly3	3	138515938	138516104	7	1.221	4.662164793	0.166
176	DLBCL_Ly3	3	138516105	138516111	4	0.2413	2.364114647	0.006
177	DLBCL_Ly3	3	138524171	141812237	2116	-0.0974	1.869432007	3288.066
178	DLBCL_Ly3	3	141812308	154493937	8091	-0.0046	1.993633202	12681.629
179	DLBCL_Ly3	3	154496631	154496686	2	2.763	13.57612643	0.055
180	DLBCL_Ly3	3	154503148	159832812	3188	-0.0147	1.979724942	5329.664
181	DLBCL_Ly3	3	159833566	159834227	2	-2.6335	0.322305341	0.661
182	DLBCL_Ly3	3	159841554	163989212	2658	-0.0233	1.967958776	4147.658
183	DLBCL_Ly3	3	163990860	164108662	75	0.5575	2.943433431	117.802
184	DLBCL_Ly3	3	164108677	194357873	19569	-0.0124	1.982883613	30249.196
185	DLBCL_Ly3	3	194360584	194365585	20	1.686	6.435266968	5.001
186	DLBCL_Ly3	3	194369117	199322963	2754	-0.0081	1.988802479	4953.846
187	DLBCL_Ly3	3	199329601	199333199	11	-0.9861	1.009681309	3.598
188	DLBCL_Ly3	3	199334090	199380503	11	0.0181	2.025249989	46.413
189	DLBCL_Ly3	4	2269	811490	352	0.015	2.020902893	809.221
190	DLBCL_Ly3	4	811553	821381	5	-1.3554	0.781652893	9.828
191	DLBCL_Ly3	4	827273	3131244	982	-0.042	1.942614991	2303.971
192	DLBCL_Ly3	4	3133533	5149982	1214	-0.0796	1.892639972	2016.449
193	DLBCL_Ly3	4	5150110	6473377	1199	-0.1862	1.757835417	1323.267
194	DLBCL_Ly3	4	6473938	7221687	514	-0.0773	1.895659698	747.749
195	DLBCL_Ly3	4	7222628	8371310	872	-0.2175	1.720109014	1148.682
196	DLBCL_Ly3	4	8372356	24634487	12021	-0.093	1.875142193	16262.131
197	DLBCL_Ly3	4	24638915	34455437	6274	-0.0476	1.935089105	9816.522
198	DLBCL_Ly3	4	34462883	34497723	37	-0.7496	1.189536879	34.84
199	DLBCL_Ly3	4	34500566	45891123	7459	-0.0264	1.963734652	11390.557
200	DLBCL_Ly3	4	45898928	45899831	2	-2.63	0.323088208	0.903
201	DLBCL_Ly3	4	45901419	47134700	653	-0.0569	1.92265512	1233.281
202	DLBCL_Ly3	4	47136016	52393393	1096	0.0598	2.084642509	5257.377
203	DLBCL_Ly3	4	52393514	68902978	10681	-0.0528	1.928126892	16509.464
204	DLBCL_Ly3	4	68909431	68970725	12	1.0061	4.016948597	61.294
205	DLBCL_Ly3	4	68977382	69057538	14	-0.0529	1.927993249	80.156
206	DLBCL_Ly3	4	69057743	69166692	63	-1.2667	0.831218691	108.949
207	DLBCL_Ly3	4	69168423	92802479	14610	-0.0034	1.995292149	23634.056
208	DLBCL_Ly3	4	92803964	99070451	3672	-0.0888	1.880609095	6266.487
209	DLBCL_Ly3	4	99079088	110030452	6569	8.00E-04	2.001109343	10951.364
210	DLBCL_Ly3	4	110030490	110033027	3	1.9996	7.997782236	2.537
211	DLBCL_Ly3	4	110033279	114223614	2579	0.006	2.008335086	4190.335
212	DLBCL_Ly3	4	114224658	114224823	3	-1.8387	0.559147185	0.165
213	DLBCL_Ly3	4	114225095	115393093	860	0.0486	2.068521568	1167.998
214	DLBCL_Ly3	4	115393137	115405260	32	0.8591	3.627812768	12.123
215	DLBCL_Ly3	4	115406002	133695361	10905	-0.0256	1.96482388	18289.359
216	DLBCL_Ly3	4	133696732	143737786	6354	0.6048	3.041535831	10041.054
217	DLBCL_Ly3	4	143738062	149042689	3066	0.6747	3.192529609	5304.627
218	DLBCL_Ly3	4	149044263	150042608	668	0.5275	2.882858447	998.345
219	DLBCL_Ly3	4	150043965	154964656	2896	0.6646	3.170257443	4920.691
220	DLBCL_Ly3	4	154965246	161447147	4211	0.5719	2.972959892	6481.901
221	DLBCL_Ly3	4	161447259	165566862	2805	0.6586	3.157100091	4119.603
222	DLBCL_Ly3	4	165570453	169544964	2536	0.5622	2.953038161	3974.511
223	DLBCL_Ly3	4	169546553	169550715	4	-0.9404	1.042176768	4.162
224	DLBCL_Ly3	4	169551257	171501566	1301	0.3077	2.47546577	1950.309
225	DLBCL_Ly3	4	171504507	171509733	8	-1.41	0.752623374	5.226
226	DLBCL_Ly3	4	171510577	171697441	111	0.2363	2.355935431	186.864
227	DLBCL_Ly3	4	171698112	171704105	6	-1.0147	0.989862471	5.993
228	DLBCL_Ly3	4	171707947	172605909	583	0.2823	2.432264289	897.962
229	DLBCL_Ly3	4	172611447	172614496	14	1.2505	4.758477337	3.049
230	DLBCL_Ly3	4	172616934	173224491	407	0.2827	2.432938749	607.557
231	DLBCL_Ly3	4	173225711	173226096	12	1.6954	6.477333382	0.385
232	DLBCL_Ly3	4	173232542	180330688	4482	0.2999	2.46211816	7098.146
233	DLBCL_Ly3	4	180334970	180335320	2	-2.6542	0.317713875	0.35
234	DLBCL_Ly3	4	180338916	181389615	780	0.2559	2.388160834	1050.699
235	DLBCL_Ly3	4	181389955	184747661	2626	0.1801	2.265924827	3357.706
236	DLBCL_Ly3	4	184749848	190432100	4114	-1.2505	0.840605033	5682.252
237	DLBCL_Ly3	4	190432604	190436246	3	-4.5292	0.086617359	3.642
238	DLBCL_Ly3	4	190436753	190776812	208	-1.2508	0.840430253	340.059
239	DLBCL_Ly3	4	190779808	190916698	66	-0.551	1.365093718	136.89
240	DLBCL_Ly3	4	190917315	191168177	136	-1.1648	0.892052176	250.862
241	DLBCL_Ly3	4	191171918	191261892	11	-0.3184	1.603917571	89.974
242	DLBCL_Ly3	5	68520	795388	344	-0.1464	1.807004376	726.868
243	DLBCL_Ly3	5	795657	841048	21	-0.7923	1.154845616	45.391
244	DLBCL_Ly3	5	843589	1867369	581	-0.0662	1.91030103	1023.78
245	DLBCL_Ly3	5	1867564	6280924	4165	-0.2129	1.725602295	4413.36
246	DLBCL_Ly3	5	6282765	9258549	2543	-0.1224	1.837316284	2975.784
247	DLBCL_Ly3	5	9258575	9258700	4	-1.8205	0.566245663	0.125
248	DLBCL_Ly3	5	9267028	12236747	2545	-0.11	1.853176124	2969.719
249	DLBCL_Ly3	5	12236860	12254295	5	-1.7324	0.601901785	17.435
250	DLBCL_Ly3	5	12254736	12872301	318	-0.1429	1.811393518	617.565
251	DLBCL_Ly3	5	12872363	12873064	6	-2.5986	0.330197248	0.701
252	DLBCL_Ly3	5	12877411	16362247	2429	-0.137	1.818816504	3484.836
253	DLBCL_Ly3	5	16365485	21485021	3226	-0.0475	1.93522324	5119.536
254	DLBCL_Ly3	5	21486945	21488183	5	-1.991	0.503128912	1.238
255	DLBCL_Ly3	5	21488241	57357403	20494	-0.0418	1.942884313	35869.162
256	DLBCL_Ly3	5	57361772	57369278	32	1.7779	6.858532879	7.506
257	DLBCL_Ly3	5	57374114	63954189	4236	-0.048	1.934552659	6580.075
258	DLBCL_Ly3	5	63954892	63955381	4	-1.9553	0.515734335	0.489
259	DLBCL_Ly3	5	63957270	134411294	43444	-0.0272	1.962646028	70454.024
260	DLBCL_Ly3	5	134411652	136852560	1846	-0.1259	1.832864329	2440.908
261	DLBCL_Ly3	5	136854773	143624832	3824	-0.0051	1.992942381	6770.059
262	DLBCL_Ly3	5	143624914	147537397	2627	-0.1115	1.851250339	3912.483
263	DLBCL_Ly3	5	147538739	151218387	2579	-0.0093	1.987148928	3679.648
264	DLBCL_Ly3	5	151218863	156235264	3552	-0.0901	1.878915257	5016.401
265	DLBCL_Ly3	5	156239199	160763424	3229	-0.0292	1.959927108	4524.225
266	DLBCL_Ly3	5	160763609	161535663	414	0.2411	2.363786933	772.054
267	DLBCL_Ly3	5	161536500	161537679	3	-1.8269	0.56373928	1.179
268	DLBCL_Ly3	5	161538468	168670016	5098	0.2098	2.313055688	7131.548
269	DLBCL_Ly3	5	168670889	173385197	3532	0.3048	2.470494767	4714.308
270	DLBCL_Ly3	5	173385812	175402918	1538	0.178	2.262628926	2017.106
271	DLBCL_Ly3	5	175408398	177628867	920	0.3291	2.512458907	2220.469
272	DLBCL_Ly3	5	177629782	179959951	1490	0.2319	2.348761133	2330.169
273	DLBCL_Ly3	5	179963737	179963973	2	-2.1375	0.454546565	0.236
274	DLBCL_Ly3	5	179965290	180274501	195	0.1885	2.279156513	309.211
275	DLBCL_Ly3	5	180278678	180350505	33	0.8245	3.541842355	71.827
276	DLBCL_Ly3	5	180350697	180553237	127	0.321	2.498392251	202.54
277	DLBCL_Ly3	5	180558947	180562679	3	1.5791	5.975668016	3.732
278	DLBCL_Ly3	5	180566286	180586791	14	0.3565	2.560632121	20.505
279	DLBCL_Ly3	5	180587870	180722914	36	-0.0314	1.956940646	135.044
280	DLBCL_Ly3	6	94649	198861	124	-0.2912	1.634444059	104.212
281	DLBCL_Ly3	6	199255	239274	26	0.1794	2.26482566	40.019
282	DLBCL_Ly3	6	239431	748660	459	-0.3456	1.573961225	509.229
283	DLBCL_Ly3	6	751682	5437018	3972	-0.4293	1.485244041	4685.336
284	DLBCL_Ly3	6	5437067	5438517	2	-3.0763	0.237121766	1.45
285	DLBCL_Ly3	6	5438967	19558269	10948	-0.4102	1.50503809	14119.302
286	DLBCL_Ly3	6	19560467	19560994	3	-2.6826	0.311520714	0.527
287	DLBCL_Ly3	6	19561408	28087604	5891	-0.4187	1.496196851	8526.196
288	DLBCL_Ly3	6	28088199	35628629	3982	-0.3299	1.591183256	7540.43
289	DLBCL_Ly3	6	35629939	35905769	143	0.1913	2.283584223	275.83
290	DLBCL_Ly3	6	35905827	39066103	2175	0.4315	2.697270104	3160.276
291	DLBCL_Ly3	6	39068231	39497970	365	0.2782	2.425361841	429.739
292	DLBCL_Ly3	6	39498414	40194823	459	0.436	2.705696462	696.409
293	DLBCL_Ly3	6	40195492	40997469	751	0.2837	2.434625718	801.977
294	DLBCL_Ly3	6	40999372	57354730	10511	0.4039	2.646159456	16355.358
295	DLBCL_Ly3	6	57356543	77492866	10542	0.2661	2.405105201	20136.323
296	DLBCL_Ly3	6	77493239	77509523	24	1.1238	4.358404204	16.284
297	DLBCL_Ly3	6	77517792	85636923	5372	0.2728	2.416300693	8119.131
298	DLBCL_Ly3	6	85638032	86314724	476	-0.6064	1.313667351	676.692
299	DLBCL_Ly3	6	86316065	98098725	7483	-0.518	1.396678532	11782.66
300	DLBCL_Ly3	6	98103598	98104041	2	-4.6526	0.079516607	0.443
301	DLBCL_Ly3	6	98106945	103858245	3609	-0.526	1.388955136	5751.3
302	DLBCL_Ly3	6	103858540	103868742	27	-1.7212	0.606592683	10.202
303	DLBCL_Ly3	6	103872151	103923011	45	-0.5019	1.412352298	50.86
304	DLBCL_Ly3	6	103923422	103932209	7	0.4604	2.751846504	8.787
305	DLBCL_Ly3	6	103932568	105725161	1132	-0.5747	1.342851712	1792.593
306	DLBCL_Ly3	6	105725669	112685561	4505	-0.4842	1.429786762	6959.892
307	DLBCL_Ly3	6	112687650	112687662	2	-2.8001	0.287154684	0.012
308	DLBCL_Ly3	6	112687675	121313864	5347	-0.4642	1.449745841	8626.189
309	DLBCL_Ly3	6	121316239	160563306	26438	-0.521	1.393777239	39247.067
310	DLBCL_Ly3	6	160563677	161288644	543	-0.6129	1.307761993	724.967
311	DLBCL_Ly3	6	161288825	161289935	3	1.7064	6.526909339	1.11
312	DLBCL_Ly3	6	161291095	170892918	7259	-0.6124	1.308215307	9601.823
313	DLBCL_Ly3	7	52899	138426	4	0.2708	2.41295331	85.527
314	DLBCL_Ly3	7	138445	160848	29	-0.6931	1.23704673	22.403
315	DLBCL_Ly3	7	163387	163730	2	-3.1651	0.222966674	0.343
316	DLBCL_Ly3	7	166359	3121336	1220	-0.4983	1.415880983	2954.977
317	DLBCL_Ly3	7	3121770	4468869	1201	-0.6414	1.282181057	1347.099
318	DLBCL_Ly3	7	4469953	13271266	6441	-0.5126	1.401916089	8801.313
319	DLBCL_Ly3	7	13274410	13282051	5	-2.9359	0.26135814	7.641
320	DLBCL_Ly3	7	13282218	28846234	12381	-0.4835	1.430480667	15564.016
321	DLBCL_Ly3	7	28849110	28849996	2	-4.4561	0.09111927	0.886
322	DLBCL_Ly3	7	28853096	32319079	2642	-0.5497	1.366324346	3465.983
323	DLBCL_Ly3	7	32320751	32453505	131	-1.1884	0.877578447	132.754
324	DLBCL_Ly3	7	32453901	33843022	823	-0.4978	1.416371775	1389.121
325	DLBCL_Ly3	7	33845031	34749810	627	-0.1969	1.744846351	904.779
326	DLBCL_Ly3	7	34750422	38257206	2590	-0.0432	1.940999841	3506.784
327	DLBCL_Ly3	7	38257239	38325253	108	0.6262	3.086988268	68.014
328	DLBCL_Ly3	7	38325481	43559027	3618	-0.0865	1.883609625	5233.546
329	DLBCL_Ly3	7	43559464	45239789	863	0.0395	2.055515143	1680.325
330	DLBCL_Ly3	7	45243020	54347855	6766	-0.0835	1.887530557	9104.835
331	DLBCL_Ly3	7	54353987	54353999	6	-2.4306	0.370976576	0.012
332	DLBCL_Ly3	7	54360970	56157875	1313	-0.0324	1.955584669	1796.905
333	DLBCL_Ly3	7	56161137	61933662	960	-0.1322	1.824877978	5772.525
334	DLBCL_Ly3	7	61962290	61962291	2	2.3556	10.23614086	0.001
335	DLBCL_Ly3	7	61962936	64024522	863	-0.1	1.866065983	2061.586
336	DLBCL_Ly3	7	64025190	66437413	901	0.0575	2.081321739	2412.223
337	DLBCL_Ly3	7	66440657	71599158	3491	-0.209	1.730273381	5158.501
338	DLBCL_Ly3	7	71602666	77220199	1841	0.0113	2.015726636	5617.533
339	DLBCL_Ly3	7	77220224	79740876	1894	-0.1206	1.83961007	2520.652
340	DLBCL_Ly3	7	79741806	88405623	5609	-0.0284	1.961014224	8663.817
341	DLBCL_Ly3	7	88408488	88430387	24	-0.6915	1.23841942	21.899
342	DLBCL_Ly3	7	88434757	89566865	741	-0.1164	1.844973379	1132.108
343	DLBCL_Ly3	7	89569916	94279569	3086	0.0228	2.031858591	4709.653
344	DLBCL_Ly3	7	94280008	101631157	3900	-0.0568	1.922788393	7351.149
345	DLBCL_Ly3	7	101632244	108038090	4007	0.0325	2.045565877	6405.846
346	DLBCL_Ly3	7	108041829	113444904	3449	-0.0655	1.911228139	5403.075
347	DLBCL_Ly3	7	113446931	121036829	4570	0.0307	2.043015288	7589.898
348	DLBCL_Ly3	7	121037602	127584254	4161	-0.0689	1.90672925	6546.652
349	DLBCL_Ly3	7	127586379	129161893	821	0.0582	2.082331848	1575.514
350	DLBCL_Ly3	7	129165019	140105290	7185	-0.0613	1.916800248	10940.271
351	DLBCL_Ly3	7	140116037	140255628	172	0.2643	2.402106307	139.591
352	DLBCL_Ly3	7	140255841	142019457	1341	-0.0259	1.964415349	1763.616
353	DLBCL_Ly3	7	142019965	142154515	87	0.3844	2.610633616	134.55
354	DLBCL_Ly3	7	142155613	142167474	42	1.1445	4.421390011	11.861
355	DLBCL_Ly3	7	142176260	142202812	27	0.3759	2.595297635	26.552
356	DLBCL_Ly3	7	142203700	143501007	842	-0.0315	1.956805006	1297.307
357	DLBCL_Ly3	7	143501178	147711396	2821	-0.1263	1.832356222	4210.218
358	DLBCL_Ly3	7	147712657	152166841	2466	-0.0354	1.95152237	4454.184
359	DLBCL_Ly3	7	152170108	158819753	4745	-0.1455	1.808131996	6649.645
360	DLBCL_Ly3	8	21242	152660	8	0.1171	2.169105163	131.418
361	DLBCL_Ly3	8	152820	583041	335	-0.6213	1.300169756	430.221
362	DLBCL_Ly3	8	584932	585896	12	1.3125	4.967431248	0.964
363	DLBCL_Ly3	8	591043	1354463	587	-0.6795	1.248763262	763.42
364	DLBCL_Ly3	8	1354757	1359806	15	-1.5965	0.661356472	5.049
365	DLBCL_Ly3	8	1361033	4127094	3305	-0.6225	1.299088755	2766.061
366	DLBCL_Ly3	8	4128796	4131148	7	0.6569	3.153382113	2.352
367	DLBCL_Ly3	8	4132298	5116073	1450	-0.6312	1.291278329	983.775
368	DLBCL_Ly3	8	5118615	6771394	2234	-0.1014	1.86425602	1652.779
369	DLBCL_Ly3	8	6771627	6772381	3	1.6883	6.4455345	0.754
370	DLBCL_Ly3	8	6772523	6778242	18	-0.079	1.893427262	5.719
371	DLBCL_Ly3	8	6778969	6783577	13	-1.4995	0.707351888	4.608
372	DLBCL_Ly3	8	6784942	6827103	70	-0.0964	1.870728248	42.161
373	DLBCL_Ly3	8	6827695	6847060	4	1.2248	4.674460931	19.365
374	DLBCL_Ly3	8	6859280	7174044	103	-0.1498	1.802750822	314.764
375	DLBCL_Ly3	8	7176768	7825360	176	-0.8422	1.115584659	648.592
376	DLBCL_Ly3	8	7836156	8321077	259	-0.0727	1.901713612	484.921
377	DLBCL_Ly3	8	8324443	8328767	6	-1.6023	0.658702988	4.324
378	DLBCL_Ly3	8	8329143	12242613	3171	-0.0828	1.888446614	3913.47
379	DLBCL_Ly3	8	12260368	12355997	67	-1.2118	0.863459251	95.629
380	DLBCL_Ly3	8	12366256	14329570	1833	-0.1212	1.838845157	1963.314
381	DLBCL_Ly3	8	14330561	14330679	3	-3.0596	0.23988253	0.118
382	DLBCL_Ly3	8	14330923	15136755	784	-0.0389	1.946793685	805.832
383	DLBCL_Ly3	8	15137084	15941469	748	-0.2137	1.724645683	804.385
384	DLBCL_Ly3	8	15942370	20289682	3987	-0.0941	1.873713013	4347.312
385	DLBCL_Ly3	8	20290225	21773751	1299	-0.1864	1.757591746	1483.526
386	DLBCL_Ly3	8	21776921	23225400	794	0.0075	2.01042428	1448.479
387	DLBCL_Ly3	8	23234924	23235223	4	1.3257	5.013089531	0.299
388	DLBCL_Ly3	8	23235696	24564296	978	0.0014	2.001941754	1328.6
389	DLBCL_Ly3	8	24564728	27586701	2418	-0.1039	1.861028308	3021.973
390	DLBCL_Ly3	8	27587848	31222989	2346	-0.0057	1.992113712	3635.141
391	DLBCL_Ly3	8	31227074	37640816	4040	-0.1168	1.844461915	6413.742
392	DLBCL_Ly3	8	37642866	39344996	823	0.0132	2.018383056	1702.13
393	DLBCL_Ly3	8	39345033	39506110	67	0.4424	2.717725978	161.077
394	DLBCL_Ly3	8	39507444	40152078	444	-0.0426	1.941807248	644.634
395	DLBCL_Ly3	8	40152457	41339656	927	-0.1647	1.78422802	1187.199
396	DLBCL_Ly3	8	41345246	49108173	2083	-0.0451	1.938445266	7762.927
397	DLBCL_Ly3	8	49111177	65011178	10451	-0.5483	1.367650879	15900.001
398	DLBCL_Ly3	8	65011439	65011660	6	2.087	8.497273492	0.221
399	DLBCL_Ly3	8	65012052	68227648	1654	-0.4859	1.428102965	3215.596
400	DLBCL_Ly3	8	68237001	76729523	5618	-0.0471	1.935759872	8492.522
401	DLBCL_Ly3	8	76731686	76732714	3	-1.9113	0.53170576	1.028
402	DLBCL_Ly3	8	76735008	84170439	4418	-0.0323	1.955720224	7435.431
403	DLBCL_Ly3	8	84171465	89380901	2867	-0.1121	1.850480586	5209.436
404	DLBCL_Ly3	8	89382542	95228408	3535	-0.0386	1.947198552	5845.866
405	DLBCL_Ly3	8	95230953	105339502	6391	-0.0041	1.994324262	10108.549
406	DLBCL_Ly3	8	105340071	112360670	4324	-0.0766	1.896579701	7020.599
407	DLBCL_Ly3	8	112363443	112364424	10	0.9051	3.745348589	0.981
408	DLBCL_Ly3	8	112369457	113105227	390	-0.1323	1.824751491	735.77
409	DLBCL_Ly3	8	113106673	113292171	100	-0.6566	1.268743121	185.498
410	DLBCL_Ly3	8	113292605	113361262	44	-0.1337	1.8229816	68.657
411	DLBCL_Ly3	8	113361610	113491593	84	-0.5865	1.331913139	129.983
412	DLBCL_Ly3	8	113492910	115710152	1265	-0.0426	1.941807248	2217.242
413	DLBCL_Ly3	8	115710166	115710895	11	-1.3904	0.762918049	0.729
414	DLBCL_Ly3	8	115719861	139108771	17344	-0.0361	1.950575715	23388.91
415	DLBCL_Ly3	8	139109471	140602292	1332	-0.2287	1.70680708	1492.821
416	DLBCL_Ly3	8	140602586	141739448	801	-0.0981	1.868525173	1136.862
417	DLBCL_Ly3	8	141742692	142085967	198	0.1746	2.257302866	343.275
418	DLBCL_Ly3	8	142086091	144796206	1322	-0.1166	1.844717629	2710.115
419	DLBCL_Ly3	8	144796601	144797087	2	-3.0913	0.234669134	0.486
420	DLBCL_Ly3	8	144798796	146268947	513	0.0028	2.003885393	1470.151
421	DLBCL_Ly3	9	36431	68775	9	-0.2525	1.678881029	32.344
422	DLBCL_Ly3	9	78018	592891	521	0.3075	2.475122621	514.873
423	DLBCL_Ly3	9	596687	596949	4	-1.8866	0.540887327	0.262
424	DLBCL_Ly3	9	597295	5053551	4845	0.2655	2.404105154	4456.256
425	DLBCL_Ly3	9	5055360	5096788	64	0.7164	3.286153792	41.428
426	DLBCL_Ly3	9	5098562	5121027	37	0.3717	2.587753145	22.465
427	DLBCL_Ly3	9	5124065	5124615	2	-3.7449	0.149177308	0.55
428	DLBCL_Ly3	9	5128405	5576944	344	0.3466	2.543120813	448.539
429	DLBCL_Ly3	9	5581838	5582727	3	-3.6918	0.154770241	0.889
430	DLBCL_Ly3	9	5585829	7037859	1053	0.3466	2.543120813	1452.03
431	DLBCL_Ly3	9	7038114	9179356	2177	0.1422	2.207173438	2141.242
432	DLBCL_Ly3	9	9180217	16018394	5796	0.2479	2.374954707	6838.177
433	DLBCL_Ly3	9	16020903	16021080	3	-2.7257	0.302351785	0.177
434	DLBCL_Ly3	9	16021471	20397934	3984	0.19	2.281527432	4376.463
435	DLBCL_Ly3	9	20398608	21770286	1099	0.3308	2.515421208	1371.678
436	DLBCL_Ly3	9	21774810	22145190	260	-2.4114	0.375946689	370.38
437	DLBCL_Ly3	9	22149622	27226632	3684	0.2397	2.361494213	5077.01
438	DLBCL_Ly3	9	27238177	27238644	5	-1.9347	0.523151245	0.467
439	DLBCL_Ly3	9	27238727	29081085	1575	0.2527	2.382869594	1842.358
440	DLBCL_Ly3	9	29084537	29084985	2	-2.5357	0.344911945	0.448
441	DLBCL_Ly3	9	29087668	44181801	6830	0.2955	2.454620514	15094.133
442	DLBCL_Ly3	9	44183418	44406980	21	1.4157	5.335783018	223.562
443	DLBCL_Ly3	9	44409312	44667843	3	0.1874	2.277419405	258.531
444	DLBCL_Ly3	9	44669735	44688229	8	-1.4295	0.742519078	18.494
445	DLBCL_Ly3	9	44688407	45928841	94	0.2085	2.310972352	1240.434
446	DLBCL_Ly3	9	45928843	45929598	4	2.3702	10.34025601	0.755
447	DLBCL_Ly3	9	45929929	88289182	13690	0.2872	2.440539328	42359.253
448	DLBCL_Ly3	9	88289241	90752195	1881	0.1264	2.183132963	2462.954
449	DLBCL_Ly3	9	90752351	109307288	13064	0.2944	2.452749672	18554.937
450	DLBCL_Ly3	9	109307301	110373759	990	0.1268	2.18373834	1066.458
451	DLBCL_Ly3	9	110375089	112064263	1441	0.2981	2.459048177	1689.174
452	DLBCL_Ly3	9	112064598	112067978	3	-3.4781	0.179480623	3.38
453	DLBCL_Ly3	9	112072252	117907477	4405	0.3258	2.506718512	5835.225
454	DLBCL_Ly3	9	117911302	122019466	3586	0.2058	2.306651418	4108.164
455	DLBCL_Ly3	9	122021238	136640208	8872	0.2997	2.461776861	14618.97
456	DLBCL_Ly3	9	136642816	137858802	799	0.1508	2.220369837	1215.986
457	DLBCL_Ly3	9	137859477	140211203	878	0.3023	2.466217433	2351.726
458	DLBCL_Ly3	10	62747	2723921	2150	-0.611	1.309485423	2661.174
459	DLBCL_Ly3	10	2723943	4445408	1788	-0.5119	1.402596468	1721.465
460	DLBCL_Ly3	10	4446298	4446618	2	1.876	7.341119058	0.32
461	DLBCL_Ly3	10	4447332	6451077	1668	-0.4855	1.428498974	2003.745
462	DLBCL_Ly3	10	6451209	6451475	6	1.5011	5.66116903	0.266
463	DLBCL_Ly3	10	6458760	9051752	2418	-0.5437	1.372018562	2592.992
464	DLBCL_Ly3	10	9051869	9053840	2	-2.9052	0.266979338	1.971
465	DLBCL_Ly3	10	9053980	11360105	1969	-0.5863	1.332097794	2306.125
466	DLBCL_Ly3	10	11360284	12646925	831	-0.4068	1.508589197	1286.641
467	DLBCL_Ly3	10	12648682	14530175	1817	-0.5222	1.392618409	1881.493
468	DLBCL_Ly3	10	14530553	15255510	571	-0.4156	1.49941527	724.957
469	DLBCL_Ly3	10	15256425	26122122	7736	-0.5382	1.377259104	10865.697
470	DLBCL_Ly3	10	26124100	29808505	2741	-0.437	1.477338064	3684.405
471	DLBCL_Ly3	10	29810502	33428986	2636	-0.4924	1.421683182	3618.484
472	DLBCL_Ly3	10	33429358	35284433	1364	-0.629	1.293248932	1855.075
473	DLBCL_Ly3	10	35284636	35711391	186	-0.3558	1.562872405	426.755
474	DLBCL_Ly3	10	35712012	37654497	1347	-0.5826	1.335518536	1942.485
475	DLBCL_Ly3	10	37655572	39008805	659	-0.4497	1.464390176	1353.233
476	DLBCL_Ly3	10	39027117	39040360	10	0.4804	2.79026085	13.243
477	DLBCL_Ly3	10	39050621	42905952	558	-0.5249	1.390014565	3855.331
478	DLBCL_Ly3	10	42907333	42909764	17	0.2641	2.401773327	2.431
479	DLBCL_Ly3	10	42909860	43539197	452	-0.4687	1.445230894	629.337
480	DLBCL_Ly3	10	43542285	44708350	971	-0.6344	1.288417356	1166.065
481	DLBCL_Ly3	10	44711487	68686988	15339	-0.5043	1.410004728	23975.501
482	DLBCL_Ly3	10	68687092	70721649	1146	-0.3828	1.533895288	2034.557
483	DLBCL_Ly3	10	70722475	70952713	157	-0.5675	1.349570179	230.238
484	DLBCL_Ly3	10	70952836	70963188	10	0.3892	2.619333938	10.352
485	DLBCL_Ly3	10	70963559	73074397	1772	-0.5173	1.39735637	2110.838
486	DLBCL_Ly3	10	73074608	76957840	1849	-0.3986	1.517188141	3883.232
487	DLBCL_Ly3	10	76958051	77927055	731	-0.6042	1.315672122	969.004
488	DLBCL_Ly3	10	77927604	77930579	2	3.8461	28.76215762	2.975
489	DLBCL_Ly3	10	77931261	81407262	2537	-0.5325	1.382711335	3476.001
490	DLBCL_Ly3	10	81412179	81425081	4	1.0519	4.146516979	12.902
491	DLBCL_Ly3	10	81425155	88030744	4881	-0.5396	1.375923252	6605.589
492	DLBCL_Ly3	10	88032498	88946309	460	-0.4066	1.508798346	913.811
493	DLBCL_Ly3	10	88948528	89102861	21	0.3915	2.623513111	154.333
494	DLBCL_Ly3	10	89107268	89601846	284	-0.4064	1.509007525	494.578
495	DLBCL_Ly3	10	89602004	89768301	249	-0.1282	1.829944634	166.297
496	DLBCL_Ly3	10	89768843	95067543	3514	-0.4269	1.48771688	5298.7
497	DLBCL_Ly3	10	95067612	95220570	136	-0.7072	1.225015497	152.958
498	DLBCL_Ly3	10	95220797	96822047	950	-0.4712	1.442728668	1601.25
499	DLBCL_Ly3	10	96841438	96855279	23	0.1845	2.272846102	13.841
500	DLBCL_Ly3	10	96859041	99434720	1734	-0.4149	1.500142968	2575.679
501	DLBCL_Ly3	10	99435112	100958979	1023	-0.547	1.368883813	1523.867
502	DLBCL_Ly3	10	100959227	105072241	2159	-0.4247	1.489987265	4113.014
503	DLBCL_Ly3	10	105072945	111997689	5039	-0.5109	1.403569011	6924.744
504	DLBCL_Ly3	10	112000820	112001474	3	-2.554	0.340564509	0.654
505	DLBCL_Ly3	10	112002230	113068325	775	-0.465	1.448942155	1066.095
506	DLBCL_Ly3	10	113068735	120519391	5398	-0.5694	1.347793992	7450.656
507	DLBCL_Ly3	10	120519984	123336106	2383	-0.4674	1.446533766	2816.122
508	DLBCL_Ly3	10	123336180	123337714	11	0.5098	2.847705588	1.534
509	DLBCL_Ly3	10	123338345	127661193	3100	-0.5302	1.384917464	4322.848
510	DLBCL_Ly3	10	127661855	130151425	2091	-0.6281	1.294055954	2489.57
511	DLBCL_Ly3	10	130152896	130155302	7	0.8227	3.537426078	2.406
512	DLBCL_Ly3	10	130155714	135356682	3756	-0.6496	1.27491406	5200.968
513	DLBCL_Ly3	11	188510	1900778	641	-0.1137	1.848429475	1712.268
514	DLBCL_Ly3	11	1910391	1917764	7	0.9466	3.854650347	7.373
515	DLBCL_Ly3	11	1923847	4252320	1235	-0.0663	1.910168623	2328.473
516	DLBCL_Ly3	11	4252795	4257940	4	-2.7128	0.305067416	5.145
517	DLBCL_Ly3	11	4257955	5743969	1548	-0.0802	1.891853009	1486.014
518	DLBCL_Ly3	11	5744644	5765703	33	-2.5233	0.347889249	21.059
519	DLBCL_Ly3	11	5765902	10920665	3698	-0.0346	1.952604824	5154.763
520	DLBCL_Ly3	11	10922192	12001414	1082	-0.1332	1.823613507	1079.222
521	DLBCL_Ly3	11	12004863	12005072	2	-2.9441	0.259876845	0.209
522	DLBCL_Ly3	11	12005124	12609544	584	-0.1662	1.782373885	604.42
523	DLBCL_Ly3	11	12616479	12616905	2	-2.0942	0.468395785	0.426
524	DLBCL_Ly3	11	12617000	13386397	700	-0.1682	1.779904702	769.397
525	DLBCL_Ly3	11	13386537	15000219	941	-0.0431	1.941134386	1613.682
526	DLBCL_Ly3	11	15000491	16020951	796	-0.1774	1.768590445	1020.46
527	DLBCL_Ly3	11	16021078	18896898	1870	-0.0469	1.936028244	2875.82
528	DLBCL_Ly3	11	18897420	18927312	71	0.4761	2.781956767	29.892
529	DLBCL_Ly3	11	18927739	34518823	11537	-0.088	1.881652215	15591.084
530	DLBCL_Ly3	11	34519515	35665646	1128	0.0261	2.036511555	1146.131
531	DLBCL_Ly3	11	35667571	43360682	5364	-0.0736	1.900527631	7693.111
532	DLBCL_Ly3	11	43363229	45947380	1904	-0.0201	1.972328693	2584.151
533	DLBCL_Ly3	11	45950566	47937114	830	0.099	2.142061646	1986.548
534	DLBCL_Ly3	11	47938279	49808604	893	-0.008	1.988940337	1870.325
535	DLBCL_Ly3	11	49809979	55203801	767	-0.1158	1.845740842	5393.822
536	DLBCL_Ly3	11	55203896	68985046	7309	0.0339	2.04755187	13781.15
537	DLBCL_Ly3	11	68986259	70846342	1182	-0.106	1.858321349	1860.083
538	DLBCL_Ly3	11	70847195	71329265	213	0.0022	2.003052174	482.07
539	DLBCL_Ly3	11	71332657	78073687	3654	0.0876	2.125202036	6741.03
540	DLBCL_Ly3	11	78078124	78517289	405	-0.1166	1.844717629	439.165
541	DLBCL_Ly3	11	78523774	79645152	910	0.0669	2.09492704	1121.378
542	DLBCL_Ly3	11	79645184	79645200	2	-2.6521	0.318176679	0.016
543	DLBCL_Ly3	11	79645322	86538487	4997	0.0767	2.109205991	6893.165
544	DLBCL_Ly3	11	86540867	89114467	1791	0.0016	2.002219301	2573.6
545	DLBCL_Ly3	11	89127585	92539096	2302	-0.0893	1.879957438	3411.511
546	DLBCL_Ly3	11	92539201	96209805	2711	0.011	2.015307521	3670.604
547	DLBCL_Ly3	11	96210054	108163148	8660	-0.1238	1.835534206	11953.094
548	DLBCL_Ly3	11	108166235	111826714	2400	0.2821	2.431927129	3660.479
549	DLBCL_Ly3	11	111827590	112698567	662	0.0979	2.140429028	870.977
550	DLBCL_Ly3	11	112699173	113118968	302	0.2415	2.364442405	419.795
551	DLBCL_Ly3	11	113119079	113243580	81	0.5736	2.976465145	124.501
552	DLBCL_Ly3	11	113243974	121908822	6328	0.232	2.348923942	8664.848
553	DLBCL_Ly3	11	121909235	121909404	2	2.4502	10.92983715	0.169
554	DLBCL_Ly3	11	121909523	122339211	336	0.2458	2.371500216	429.688
555	DLBCL_Ly3	11	122339246	122339548	5	1.4636	5.515914139	0.302
556	DLBCL_Ly3	11	122339561	125741512	2539	0.2285	2.343232324	3401.951
557	DLBCL_Ly3	11	125742691	126054212	246	0.1435	2.209163199	311.521
558	DLBCL_Ly3	11	126054443	126054467	2	2.5163	11.44225899	0.024
559	DLBCL_Ly3	11	126054713	126708715	593	0.1025	2.147264629	654.002
560	DLBCL_Ly3	11	126708775	126709149	12	1.0018	4.004993774	0.374
561	DLBCL_Ly3	11	126709174	127422970	493	0.1185	2.171211098	713.796
562	DLBCL_Ly3	11	127423125	128099371	688	0.3242	2.503940013	676.246
563	DLBCL_Ly3	11	128100149	128461345	312	0.1554	2.227460734	361.196
564	DLBCL_Ly3	11	128462591	128631726	83	0.4306	2.695587984	169.135
565	DLBCL_Ly3	11	128631916	129157015	355	0.0795	2.113303539	525.099
566	DLBCL_Ly3	11	129157104	129484924	173	0.3863	2.614074033	327.82
567	DLBCL_Ly3	11	129484955	132320411	2314	0.1487	2.217140198	2835.456
568	DLBCL_Ly3	11	132320578	134449982	1665	0.0635	2.089995738	2129.404
569	DLBCL_Ly3	12	20691	735985	435	-0.0082	1.988664631	715.294
570	DLBCL_Ly3	12	736231	746495	21	0.6064	3.044910873	10.264
571	DLBCL_Ly3	12	746549	1772425	615	0.0205	2.028621905	1025.876
572	DLBCL_Ly3	12	1773651	5169541	2756	-0.071	1.903955817	3395.89
573	DLBCL_Ly3	12	5169766	5738162	557	-0.2197	1.717487977	568.396
574	DLBCL_Ly3	12	5738463	6447925	500	-0.0843	1.886484178	709.462
575	DLBCL_Ly3	12	6448730	11106627	2613	0.0383	2.053806124	4657.897
576	DLBCL_Ly3	12	11108104	11132787	14	-1.4633	0.725325261	24.683
577	DLBCL_Ly3	12	11143129	20832505	6721	-0.0313	1.957076296	9689.376
578	DLBCL_Ly3	12	20834843	20962575	78	-0.5121	1.40240204	127.732
579	DLBCL_Ly3	12	20965962	23282705	1650	0.0109	2.015167835	2316.743
580	DLBCL_Ly3	12	23290050	28081919	3623	0.0604	2.085509668	4791.869
581	DLBCL_Ly3	12	28082615	30042037	1437	0.0069	2.009588342	1959.422
582	DLBCL_Ly3	12	30042116	31302318	1113	-0.1108	1.85214879	1260.202
583	DLBCL_Ly3	12	31302469	33278012	1395	0.0195	2.027216258	1975.543
584	DLBCL_Ly3	12	33280084	33286397	5	-1.582	0.668037039	6.313
585	DLBCL_Ly3	12	33286673	34148159	553	-0.0823	1.889101214	861.486
586	DLBCL_Ly3	12	34148227	34166661	10	-1.3499	0.784638483	18.434
587	DLBCL_Ly3	12	34167049	64033859	17052	0.0037	2.005135872	29866.81
588	DLBCL_Ly3	12	64035299	88499834	15682	-0.0385	1.947333526	24464.535
589	DLBCL_Ly3	12	88499867	95878227	5109	0.0153	2.021323172	7378.36
590	DLBCL_Ly3	12	95880805	97436132	1249	-0.085	1.885569072	1555.327
591	DLBCL_Ly3	12	97436159	104707800	4916	0.0172	2.023986967	7271.641
592	DLBCL_Ly3	12	104708342	106765155	1492	-0.0869	1.88308745	2056.813
593	DLBCL_Ly3	12	106765729	110823398	2319	-0.005	1.993080526	4057.669
594	DLBCL_Ly3	12	110823991	111399801	325	0.1807	2.266867395	575.81
595	DLBCL_Ly3	12	111399865	112609605	844	-0.0169	1.976708313	1209.74
596	DLBCL_Ly3	12	112609622	114720783	1942	-0.1985	1.742912327	2111.161
597	DLBCL_Ly3	12	114720850	116245923	1044	-0.0423	1.942211078	1525.073
598	DLBCL_Ly3	12	116247082	118628903	1803	-0.1361	1.819951494	2381.821
599	DLBCL_Ly3	12	118631059	124538348	3045	-0.0337	1.953823302	5907.289
600	DLBCL_Ly3	12	124539429	128220748	3386	-0.1507	1.801626558	3681.319
601	DLBCL_Ly3	12	128221462	130463650	1960	-0.2336	1.701019878	2242.188
602	DLBCL_Ly3	12	130463886	130466076	6	-1.4057	0.754869939	2.19
603	DLBCL_Ly3	12	130468902	131834943	650	-0.0825	1.888839347	1366.041
604	DLBCL_Ly3	12	131837881	132034386	83	-1.1988	0.871274968	196.505
605	DLBCL_Ly3	12	132052022	132288250	151	0.0576	2.08146601	236.228
606	DLBCL_Ly3	13	17924937	18675258	384	0.115	2.165950091	750.321
607	DLBCL_Ly3	13	18679448	21128380	1498	0.3495	2.54823795	2448.932
608	DLBCL_Ly3	13	21128692	22217947	912	0.1663	2.244353613	1089.255
609	DLBCL_Ly3	13	22218782	22530666	214	0.2941	2.452239691	311.884
610	DLBCL_Ly3	13	22530848	22531503	12	-2.1918	0.437756347	0.655
611	DLBCL_Ly3	13	22536183	36970024	10958	0.29	2.445280555	14433.841
612	DLBCL_Ly3	13	36970212	36982745	15	-1.6707	0.628201808	12.533
613	DLBCL_Ly3	13	36986318	38729370	1295	0.2657	2.404438457	1743.052
614	DLBCL_Ly3	13	38729614	38792231	102	0.6296	3.094271954	62.617
615	DLBCL_Ly3	13	38794154	43467928	3356	0.3164	2.490438871	4673.774
616	DLBCL_Ly3	13	43471373	43912117	352	0.1481	2.216218307	440.744
617	DLBCL_Ly3	13	43917275	45419668	893	0.3314	2.51646756	1502.393
618	DLBCL_Ly3	13	45422828	51487480	3979	0.3854	2.612443797	6064.652
619	DLBCL_Ly3	13	51493166	58267341	3780	0.3196	2.495968972	6774.175
620	DLBCL_Ly3	13	58267577	58268359	3	-1.7	0.615572207	0.782
621	DLBCL_Ly3	13	58270709	71372286	8263	0.3107	2.480618712	13101.577
622	DLBCL_Ly3	13	71374425	71378545	6	-1.5914	0.663698537	4.12
623	DLBCL_Ly3	13	71378594	99691210	19015	0.2834	2.434119505	28312.616
624	DLBCL_Ly3	13	99693842	104654201	4142	0.2229	2.334154407	4960.359
625	DLBCL_Ly3	13	104655315	110035157	4576	0.153	2.223758315	5379.842
626	DLBCL_Ly3	13	110035188	110625605	432	0.335	2.522754818	590.417
627	DLBCL_Ly3	13	110629837	113963660	1682	0.1851	2.273791548	3333.823
628	DLBCL_Ly3	13	113963866	114126487	81	0.3923	2.624968299	162.621
629	DLBCL_Ly3	14	18072112	19290746	96	0.1491	2.217755005	1218.634
630	DLBCL_Ly3	14	19291679	19495688	132	-0.2955	1.629579798	204.009
631	DLBCL_Ly3	14	19495751	21463552	1406	0.0206	2.028762523	1967.801
632	DLBCL_Ly3	14	21463821	21660717	173	0.4226	2.680681837	196.896
633	DLBCL_Ly3	14	21660836	21668322	8	1.274	4.836622703	7.486
634	DLBCL_Ly3	14	21668999	21689618	34	0.162	2.237674202	20.619
635	DLBCL_Ly3	14	21689758	21919601	195	0.7391	3.338268508	229.843
636	DLBCL_Ly3	14	21920601	21921113	5	-0.4004	1.515296379	0.512
637	DLBCL_Ly3	14	21922887	22039491	107	0.7395	3.339194201	116.604
638	DLBCL_Ly3	14	22039606	22067673	38	0.481	2.791421528	28.067
639	DLBCL_Ly3	14	22069230	23563993	913	0.0223	2.031154525	1494.763
640	DLBCL_Ly3	14	23564071	23583745	19	0.724	3.30351066	19.674
641	DLBCL_Ly3	14	23588979	30069548	4079	-0.0761	1.897237119	6480.569
642	DLBCL_Ly3	14	30071863	30110725	12	0.4354	2.704571429	38.862
643	DLBCL_Ly3	14	30113323	31605004	831	0.0287	2.04018503	1491.681
644	DLBCL_Ly3	14	31606182	31679811	31	0.4485	2.729241389	73.629
645	DLBCL_Ly3	14	31681830	33945203	1938	-0.0825	1.888839347	2263.373
646	DLBCL_Ly3	14	33947329	35245240	633	0.1361	2.197860774	1297.911
647	DLBCL_Ly3	14	35248768	40562301	3461	-0.0586	1.920390894	5313.533
648	DLBCL_Ly3	14	40562367	40562533	2	-4.3728	0.096535273	0.166
649	DLBCL_Ly3	14	40566277	46765998	3720	-0.0154	1.978764607	6199.721
650	DLBCL_Ly3	14	46777074	46787185	9	-1.118	0.921464186	10.111
651	DLBCL_Ly3	14	46791662	55221288	5512	-0.0132	1.981784374	8429.626
652	DLBCL_Ly3	14	55223493	57630187	1901	-0.1119	1.850737135	2406.694
653	DLBCL_Ly3	14	57630284	72334416	9507	-0.0095	1.986873469	14704.132
654	DLBCL_Ly3	14	72334962	73065515	408	0.1107	2.159504017	730.553
655	DLBCL_Ly3	14	73070864	73099656	12	0.9948	3.98560849	28.792
656	DLBCL_Ly3	14	73100472	73696435	341	0.0941	2.134798644	595.963
657	DLBCL_Ly3	14	73696793	77618762	2618	-0.0222	1.969459842	3921.969
658	DLBCL_Ly3	14	77621141	79516732	1455	-0.1592	1.791043032	1895.591
659	DLBCL_Ly3	14	79517033	95414240	10866	-0.0498	1.932140491	15897.207
660	DLBCL_Ly3	14	95416335	101112104	4263	-0.1451	1.808633386	5695.769
661	DLBCL_Ly3	14	101113103	105187894	1656	0	2	4074.791
662	DLBCL_Ly3	14	105190672	105238520	8	-1.4795	0.717226153	47.848
663	DLBCL_Ly3	14	105238706	105601397	134	-0.4453	1.46886316	362.691
664	DLBCL_Ly3	14	105601720	105640496	18	0.4732	2.776370298	38.776
665	DLBCL_Ly3	14	105645151	105818132	83	-0.7476	1.191187071	172.981
666	DLBCL_Ly3	14	105821913	105945394	62	-0.186	1.758079122	123.481
667	DLBCL_Ly3	14	105950864	105989141	52	-0.6924	1.237647095	38.277
668	DLBCL_Ly3	14	105989682	106356482	251	-0.1546	1.796762845	366.8
669	DLBCL_Ly3	15	18276329	18466941	50	-0.0772	1.8957911	190.612
670	DLBCL_Ly3	15	18476957	18522238	5	-1.5478	0.684062477	45.281
671	DLBCL_Ly3	15	18524288	18833358	43	-0.0929	1.875272172	309.07
672	DLBCL_Ly3	15	18834160	19503752	279	0.2493	2.377260496	669.592
673	DLBCL_Ly3	15	19523434	19768826	11	1.5517	5.863247674	245.392
674	DLBCL_Ly3	15	19781829	19886353	45	0.1333	2.193599276	104.524
675	DLBCL_Ly3	15	19886462	22806050	1572	-0.1015	1.864126804	2919.588
676	DLBCL_Ly3	15	22806372	25979095	2357	-0.2023	1.738327608	3172.723
677	DLBCL_Ly3	15	25980179	28021253	914	-0.0802	1.891853009	2041.074
678	DLBCL_Ly3	15	28025025	43635213	9661	-0.0041	1.994324262	15610.188
679	DLBCL_Ly3	15	43638731	46245623	1813	-0.1121	1.850480586	2606.892
680	DLBCL_Ly3	15	46256312	74678670	18552	-0.0101	1.986047324	28422.358
681	DLBCL_Ly3	15	74678784	74679268	8	-2.7887	0.289432734	0.484
682	DLBCL_Ly3	15	74682107	84320232	5721	-0.0032	1.995568774	9638.125
683	DLBCL_Ly3	15	84322137	87175010	2328	-0.1391	1.816170944	2852.873
684	DLBCL_Ly3	15	87175501	89466396	1475	-0.0044	1.993909597	2290.895
685	DLBCL_Ly3	15	89466689	91025694	1486	-0.1482	1.804751246	1559.005
686	DLBCL_Ly3	15	91025896	91377986	204	0.0532	2.075127527	352.09
687	DLBCL_Ly3	15	91378014	97310699	4696	-0.1667	1.781756268	5932.685
688	DLBCL_Ly3	15	97311102	98312350	673	-0.0025	1.996537265	1001.248
689	DLBCL_Ly3	15	98312389	98646266	344	-0.2293	1.706097386	333.877
690	DLBCL_Ly3	15	98652141	100286551	1232	-0.0503	1.931470978	1634.41
691	DLBCL_Ly3	16	765	109417	76	0.5396	2.907138893	108.652
692	DLBCL_Ly3	16	114196	944695	306	-0.0423	1.942211078	830.499
693	DLBCL_Ly3	16	945349	945655	2	-2.3563	0.390582712	0.306
694	DLBCL_Ly3	16	947269	5001884	1838	-0.0216	1.970279087	4054.615
695	DLBCL_Ly3	16	5001949	8322054	3955	-0.2145	1.723689601	3320.105
696	DLBCL_Ly3	16	8322865	25650052	11306	-0.0587	1.920257787	17327.187
697	DLBCL_Ly3	16	25650102	26790558	986	-0.1958	1.746177237	1140.456
698	DLBCL_Ly3	16	26790660	34317198	2725	-0.0377	1.948413656	7526.538
699	DLBCL_Ly3	16	34324060	34614572	173	0.4226	2.680681837	290.512
700	DLBCL_Ly3	16	34618468	47383005	1251	-0.0086	1.988113332	12764.537
701	DLBCL_Ly3	16	47386558	51775074	3294	-0.1399	1.815164124	4388.516
702	DLBCL_Ly3	16	51777049	52098891	300	0.115	2.165950091	321.842
703	DLBCL_Ly3	16	52098951	54354083	1936	-0.1928	1.749812088	2255.132
704	DLBCL_Ly3	16	54355711	54356268	3	3.216	18.58413971	0.557
705	DLBCL_Ly3	16	54361837	54641648	218	-0.1119	1.850737135	279.811
706	DLBCL_Ly3	16	54642012	57394265	1664	-0.0095	1.986873469	2752.253
707	DLBCL_Ly3	16	57394412	65315164	5550	-0.1353	1.82096097	7920.752
708	DLBCL_Ly3	16	65315704	69535576	1926	0.0274	2.038347465	4219.872
709	DLBCL_Ly3	16	69535863	72513399	1940	-0.1053	1.85922323	2977.536
710	DLBCL_Ly3	16	72513822	75599781	2127	-0.0197	1.972875614	3085.959
711	DLBCL_Ly3	16	75600427	77184084	1832	-0.1494	1.80325072	1583.657
712	DLBCL_Ly3	16	77186821	77323618	151	-1.2723	0.827998466	136.797
713	DLBCL_Ly3	16	77323907	79050326	2154	-0.1724	1.774730547	1726.419
714	DLBCL_Ly3	16	79051734	79561808	509	-0.0721	1.902504677	510.074
715	DLBCL_Ly3	16	79562868	79562891	2	-2.3169	0.401396516	0.023
716	DLBCL_Ly3	16	79564259	81042352	1410	-0.061	1.917198877	1478.093
717	DLBCL_Ly3	16	81042637	81887325	1121	-0.2165	1.721301716	844.688
718	DLBCL_Ly3	16	81887447	81888111	4	-1.654	0.635515845	0.664
719	DLBCL_Ly3	16	81890460	82341036	585	-0.209	1.730273381	450.576
720	DLBCL_Ly3	16	82341139	84806539	2172	-0.0973	1.869561591	2465.4
721	DLBCL_Ly3	16	84806954	85546849	903	-0.2296	1.70574265	739.895
722	DLBCL_Ly3	16	85547222	88815024	1674	-0.0906	1.878264188	3267.802
723	DLBCL_Ly3	17	514	2258367	1192	-0.4619	1.452058925	2257.853
724	DLBCL_Ly3	17	2259092	2259112	4	-2.3934	0.380666627	0.02
725	DLBCL_Ly3	17	2263266	3581162	790	-0.5096	1.404834325	1317.896
726	DLBCL_Ly3	17	3582394	3582517	3	1.6922	6.462982118	0.123
727	DLBCL_Ly3	17	3586874	5287808	893	-0.3746	1.542638476	1700.934
728	DLBCL_Ly3	17	5288104	16603639	7973	-0.5524	1.363769665	11315.535
729	DLBCL_Ly3	17	16603764	16665029	13	-1.851	0.554400322	61.265
730	DLBCL_Ly3	17	16676257	17268993	368	-0.5335	1.381753244	592.736
731	DLBCL_Ly3	17	17269216	17310882	41	-0.2707	1.65783451	41.666
732	DLBCL_Ly3	17	17312578	18296105	534	-1.1026	0.93135301	983.527
733	DLBCL_Ly3	17	18299659	18437019	32	0.1362	2.198013123	137.36
734	DLBCL_Ly3	17	18438016	22132666	1583	-1.0931	0.937506111	3694.65
735	DLBCL_Ly3	17	22134030	22360868	41	-0.4811	1.432862328	226.838
736	DLBCL_Ly3	17	22365657	28370248	2939	0.0261	2.036511555	6004.591
737	DLBCL_Ly3	17	28370528	29342786	971	-0.1165	1.8448455	972.258
738	DLBCL_Ly3	17	29343547	36675222	4213	0.0055	2.007639171	7331.675
739	DLBCL_Ly3	17	36676528	36684045	24	1.6357	6.214765692	7.517
740	DLBCL_Ly3	17	36686238	40645980	2078	0.0493	2.069525464	3959.742
741	DLBCL_Ly3	17	40653321	40732944	45	-0.6334	1.289310728	79.623
742	DLBCL_Ly3	17	40733287	41546868	472	-0.0494	1.932676268	813.581
743	DLBCL_Ly3	17	41547543	41563921	13	0.3637	2.573443306	16.378
744	DLBCL_Ly3	17	41564110	41719935	104	-0.3462	1.573306769	155.825
745	DLBCL_Ly3	17	41719979	41756820	5	0.9623	3.896827312	36.841
746	DLBCL_Ly3	17	41764411	41875479	11	-0.0423	1.942211078	111.068
747	DLBCL_Ly3	17	41879009	41879024	2	2.4402	10.85433925	0.015
748	DLBCL_Ly3	17	41901633	46846224	2562	0.0181	2.025249989	4944.591
749	DLBCL_Ly3	17	46848089	46848184	2	-2.6261	0.323962785	0.095
750	DLBCL_Ly3	17	46851226	53149698	4713	-0.0526	1.928394206	6298.472
751	DLBCL_Ly3	17	53149750	60529098	3676	0.0308	2.043156904	7379.348
752	DLBCL_Ly3	17	60529789	66444386	3996	-0.0269	1.963054192	5914.597
753	DLBCL_Ly3	17	66446318	69036582	2091	-0.1013	1.864385245	2590.264
754	DLBCL_Ly3	17	69037113	69885994	625	-0.2257	1.710359978	848.881
755	DLBCL_Ly3	17	69886645	78643088	4548	-0.049	1.933212194	8756.443
756	DLBCL_Ly3	18	1543	814547	596	-0.0113	1.984396063	813.004
757	DLBCL_Ly3	18	816545	2336835	1128	-0.1527	1.799130704	1520.29
758	DLBCL_Ly3	18	2339389	4067811	1263	0.0166	2.023145389	1728.422
759	DLBCL_Ly3	18	4068143	8657756	3506	-0.1712	1.77620734	4589.613
760	DLBCL_Ly3	18	8661302	9998965	998	-0.002	1.997229332	1337.663
761	DLBCL_Ly3	18	10000833	11414130	1152	-0.1444	1.809511153	1413.297
762	DLBCL_Ly3	18	11414193	20387524	4087	-0.0301	1.958704823	8973.331
763	DLBCL_Ly3	18	20387868	21694077	949	-0.1444	1.809511153	1306.209
764	DLBCL_Ly3	18	21694731	22830660	761	0.0234	2.032703793	1135.929
765	DLBCL_Ly3	18	22831048	27487243	3002	-0.0756	1.897894766	4656.195
766	DLBCL_Ly3	18	27491464	31329097	2389	6.00E-04	2.00083195	3837.633
767	DLBCL_Ly3	18	31334063	31334194	2	2.1958	9.162872852	0.131
768	DLBCL_Ly3	18	31335146	35813580	3021	-0.0649	1.912023162	4478.434
769	DLBCL_Ly3	18	35818709	46819618	7720	0.8363	3.570930363	11000.909
770	DLBCL_Ly3	18	46819757	46820012	4	3.5959	24.18264258	0.255
771	DLBCL_Ly3	18	46820295	49841133	2221	0.8488	3.602004541	3020.838
772	DLBCL_Ly3	18	49841198	52021271	1332	0.95	3.863745316	2180.073
773	DLBCL_Ly3	18	52021630	52021754	2	-1.6374	0.642870475	0.124
774	DLBCL_Ly3	18	52023316	52856818	495	0.9253	3.798158206	833.502
775	DLBCL_Ly3	18	52861440	61878460	6652	0.8421	3.585315305	9017.02
776	DLBCL_Ly3	18	61878513	61879308	11	-1.3334	0.79366385	0.795
777	DLBCL_Ly3	18	61879424	62057834	151	0.8831	3.688668142	178.41
778	DLBCL_Ly3	18	62058402	62062557	12	-2.2559	0.418732267	4.155
779	DLBCL_Ly3	18	62062844	69360166	5484	0.8147	3.517864708	7297.322
780	DLBCL_Ly3	18	69361759	69979904	534	0.6418	3.120549291	618.145
781	DLBCL_Ly3	18	69979924	71332984	1054	0.7879	3.453118874	1353.06
782	DLBCL_Ly3	18	71333707	74817137	2779	0.6645	3.170037705	3483.43
783	DLBCL_Ly3	18	74817840	76116029	684	0.8009	3.484375242	1298.189
784	DLBCL_Ly3	19	41898	9424268	3722	0.268	2.408274762	9382.37
785	DLBCL_Ly3	19	9424496	19128248	4870	0.3286	2.511588306	9703.752
786	DLBCL_Ly3	19	19128401	19154003	15	-0.6371	1.286008341	25.602
787	DLBCL_Ly3	19	19157687	21331944	1242	0.3635	2.573086576	2174.257
788	DLBCL_Ly3	19	21332318	34042454	2757	0.2634	2.400608262	12710.136
789	DLBCL_Ly3	19	34042809	37553088	2747	0.1606	2.235503803	3510.279
790	DLBCL_Ly3	19	37553645	40541150	1984	0.2904	2.445958625	2987.505
791	DLBCL_Ly3	19	40541321	40548531	11	-0.7779	1.166430218	7.21
792	DLBCL_Ly3	19	40548935	41691991	577	0.3564	2.560454638	1143.056
793	DLBCL_Ly3	19	41692734	41837464	93	0.8905	3.707636994	144.73
794	DLBCL_Ly3	19	41853876	42022932	99	-0.4855	1.428498974	169.056
795	DLBCL_Ly3	19	42026426	58210326	8603	0.3185	2.494066616	16183.9
796	DLBCL_Ly3	19	58210559	58244247	24	1.737	6.666825657	33.688
797	DLBCL_Ly3	19	58246052	63789654	3516	0.2823	2.432264289	5543.602
798	DLBCL_Ly3	20	9293	787313	615	0.3593	2.565606653	778.02
799	DLBCL_Ly3	20	787515	927469	153	0.1151	2.166100228	139.954
800	DLBCL_Ly3	20	927720	1500491	449	0.3362	2.524854059	572.771
801	DLBCL_Ly3	20	1505178	1508550	17	-0.5938	1.325190715	3.372
802	DLBCL_Ly3	20	1508775	1508987	5	0.6125	3.057812615	0.212
803	DLBCL_Ly3	20	1509568	1541881	44	1.5948	6.041052816	32.313
804	DLBCL_Ly3	20	1545934	6157750	3457	0.3145	2.487161173	4611.816
805	DLBCL_Ly3	20	6158644	12850074	5477	0.2228	2.333992621	6691.43
806	DLBCL_Ly3	20	12850426	14612976	1123	0.332	2.517514347	1762.55
807	DLBCL_Ly3	20	14613518	14710971	73	-0.492	1.422077411	97.453
808	DLBCL_Ly3	20	14713464	16317721	1584	0.3119	2.482682891	1604.257
809	DLBCL_Ly3	20	16318721	29344177	7665	0.2525	2.382539281	13025.456
810	DLBCL_Ly3	20	29344703	30888730	733	0.3746	2.592960088	1544.027
811	DLBCL_Ly3	20	30888852	31419715	412	0.2349	2.353650326	530.863
812	DLBCL_Ly3	20	31421653	35098352	1654	0.3798	2.602322927	3676.699
813	DLBCL_Ly3	20	35098371	39776265	3192	0.8446	3.591533569	4677.894
814	DLBCL_Ly3	20	39776755	40694163	876	0.6931	3.233507597	917.408
815	DLBCL_Ly3	20	40696679	40698824	10	1.5396	5.814277786	2.145
816	DLBCL_Ly3	20	40698895	41423298	629	0.6685	3.178839111	724.403
817	DLBCL_Ly3	20	41425015	44599612	2072	0.8442	3.590537922	3174.597
818	DLBCL_Ly3	20	44601302	45184691	563	0.6982	3.244958438	583.389
819	DLBCL_Ly3	20	45185889	45738519	338	0.8744	3.666491005	552.63
820	DLBCL_Ly3	20	45738753	46706838	837	0.6785	3.200949686	968.085
821	DLBCL_Ly3	20	46707544	48585563	1204	0.8826	3.687389968	1878.019
822	DLBCL_Ly3	20	48587847	54238051	4525	0.7816	3.438072577	5650.204
823	DLBCL_Ly3	20	54238233	54550518	272	0.8934	3.71509731	312.285
824	DLBCL_Ly3	20	54552091	55291318	665	0.6814	3.207390472	739.227
825	DLBCL_Ly3	20	55291984	55553455	162	0.9516	3.868032723	261.471
826	DLBCL_Ly3	20	55555194	59201003	3137	0.6921	3.231267077	3645.809
827	DLBCL_Ly3	20	59202926	59981553	602	0.089	2.127265346	778.627
828	DLBCL_Ly3	20	59992411	59992467	3	2.7335	13.30134288	0.056
829	DLBCL_Ly3	20	60001133	62426585	1013	0.2622	2.398612323	2425.452
830	DLBCL_Ly3	21	9758730	18977116	3865	-0.055	1.925188886	9218.386
831	DLBCL_Ly3	21	18977958	18979790	3	-2.0333	0.488591273	1.832
832	DLBCL_Ly3	21	18980066	23351771	3389	-0.0795	1.892771164	4371.705
833	DLBCL_Ly3	21	23351801	23409615	74	0.3096	2.478728055	57.814
834	DLBCL_Ly3	21	23413661	25063722	1371	-0.0405	1.944635819	1650.061
835	DLBCL_Ly3	21	25064187	26026266	645	0.0952	2.136426967	962.079
836	DLBCL_Ly3	21	26027798	27202372	965	-0.1114	1.851378663	1174.574
837	DLBCL_Ly3	21	27204531	27205463	4	-2.8288	0.281498668	0.932
838	DLBCL_Ly3	21	27206021	35257893	5862	-0.0661	1.910433447	8051.872
839	DLBCL_Ly3	21	35258755	35259003	4	-2.1902	0.438242103	0.248
840	DLBCL_Ly3	21	35259461	38261190	2224	-0.036	1.950710923	3001.729
841	DLBCL_Ly3	21	38263430	39459543	1197	-0.1737	1.773132073	1196.113
842	DLBCL_Ly3	21	39461660	39719610	148	0.0785	2.111839216	257.95
843	DLBCL_Ly3	21	39719706	41771018	1901	-0.1949	1.747266899	2051.312
844	DLBCL_Ly3	21	41771173	43794765	1587	-0.0719	1.902768438	2023.592
845	DLBCL_Ly3	21	43795289	43797228	2	-3.135	0.227667458	1.939
846	DLBCL_Ly3	21	43798095	46921373	1828	-0.0871	1.882826417	3123.278
847	DLBCL_Ly3	22	14432516	14482330	13	-0.1976	1.743999952	49.814
848	DLBCL_Ly3	22	14482336	21048661	3772	0.2846	2.436144991	6566.325
849	DLBCL_Ly3	22	21048827	21384203	210	-0.541	1.374588696	335.376
850	DLBCL_Ly3	22	21388929	21552279	113	-2.7147	0.304665913	163.35
851	DLBCL_Ly3	22	21553233	25609702	3233	0.2521	2.381878792	4056.469
852	DLBCL_Ly3	22	25609749	26603288	1107	0.1256	2.181922713	993.539
853	DLBCL_Ly3	22	26603339	30990201	2529	0.3098	2.479071704	4386.862
854	DLBCL_Ly3	22	30990691	34235278	2989	0.1953	2.289924448	3244.587
855	DLBCL_Ly3	22	34235462	34237826	2	2.9735	15.70878833	2.364
856	DLBCL_Ly3	22	34238401	36391913	1446	0.2356	2.354792602	2153.512
857	DLBCL_Ly3	22	36392059	40339554	2123	0.342	2.535025044	3947.495
858	DLBCL_Ly3	22	40342013	40342361	3	2.1649	8.968706939	0.348
859	DLBCL_Ly3	22	40342403	41352637	575	0.396	2.63170905	1010.234
860	DLBCL_Ly3	22	41353754	44807748	2549	0.2386	2.35969435	3453.994
861	DLBCL_Ly3	22	44811942	45642160	540	0.3704	2.585422393	830.218
862	DLBCL_Ly3	22	45642661	47377220	1709	0.2102	2.313697092	1734.559
863	DLBCL_Ly3	22	47378291	49569369	1535	-0.584	1.33422317	2191.078
864	DLBCL_Ly3	22	49570849	49581309	3	0.341	2.533268507	10.46
865	DLBCL_Ly3	23	108465	10462458	6617	0.0934	2.133763084	10353.993
866	DLBCL_Ly3	23	10465449	28662806	11799	0.1923	2.285167632	18197.357
867	DLBCL_Ly3	23	28662992	28664572	4	-2.9196	0.264327787	1.58
868	DLBCL_Ly3	23	28664694	29698186	712	0.1892	2.280262635	1033.492
869	DLBCL_Ly3	23	29698700	29699419	2	-2.2992	0.406351465	0.719
870	DLBCL_Ly3	23	29704634	78782569	23363	0.1939	2.287703369	49077.935
871	DLBCL_Ly3	23	78782990	94798120	9058	0.1385	2.201520075	16015.13
872	DLBCL_Ly3	23	94802115	135816887	23466	0.1889	2.279788517	41014.772
873	DLBCL_Ly3	23	135822488	138064183	1374	0.0922	2.131989008	2241.695
874	DLBCL_Ly3	23	138064340	138064570	3	2.1045	8.600973737	0.23
875	DLBCL_Ly3	23	138064760	138882782	568	0.1519	2.22206343	818.022
876	DLBCL_Ly3	23	138887347	138887449	2	-2.2448	0.421966391	0.102
877	DLBCL_Ly3	23	138887890	139630391	454	0.0693	2.098414963	742.501
878	DLBCL_Ly3	23	139631865	139632322	3	-3.5617	0.169375839	0.457
879	DLBCL_Ly3	23	139636210	154907376	9772	0.1437	2.209469476	15271.166
880	DLBCL_Ly3	24	2710426	13708600	3710	0.5387	2.905325891	10998.174
881	DLBCL_Ly3	24	13709527	14219346	242	0.7675	3.40463467	509.819
882	DLBCL_Ly3	24	14220972	57427130	5421	0.5308	2.889460204	43206.158
883	DLBCL_Ly3	24	57427139	57433643	68	-0.0779	1.894871479	6.504
884	DLBCL_Ly3	24	57435056	57442197	42	0.5013	2.830976945	7.141
885	DLBCL_Ly3	25	195	705	14	0.9154	3.77218387	0.51
886	DLBCL_Ly3	25	752	2417	57	-1.3627	0.777707739	1.665
887	DLBCL_Ly3	25	2443	9567	178	0.5304	2.888659186	7.124
888	DLBCL_Ly3	25	9628	11018	43	-1.7268	0.604242682	1.39
889	DLBCL_Ly3	25	11088	16521	153	0.7342	3.326949575	5.433
